#Modified Julian Data (days), V band magnitude, magnitude error in mmag
2.452978814699999988e+06 2.351099999999999923e+01 7.100000000000000000e+01
2.452978873099999968e+06 2.342800000000000082e+01 5.600000000000000000e+01
2.452979678400000092e+06 2.355600000000000094e+01 5.700000000000000000e+01
2.452979739099999890e+06 2.351899999999999835e+01 6.600000000000000000e+01
2.452980678299999796e+06 2.352100000000000080e+01 6.900000000000000000e+01
2.452980738299999852e+06 2.363100000000000023e+01 5.300000000000000000e+01
2.452981817199999932e+06 2.358500000000000085e+01 5.500000000000000000e+01
2.452981870199999772e+06 2.363299999999999912e+01 7.300000000000000000e+01
2.452983537000000011e+06 2.364799999999999969e+01 5.000000000000000000e+01
2.452983602500000037e+06 2.403699999999999903e+01 1.370000000000000000e+02
2.452985607700000051e+06 2.374500000000000099e+01 5.600000000000000000e+01
2.452985669100000057e+06 2.380099999999999838e+01 7.200000000000000000e+01
2.452988626000000164e+06 2.381899999999999906e+01 8.100000000000000000e+01
2.452988684499999974e+06 2.379599999999999937e+01 6.700000000000000000e+01
2.452992028200000059e+06 2.388700000000000045e+01 8.900000000000000000e+01
2.452992091899999883e+06 2.385800000000000054e+01 4.800000000000000000e+01
2.452996959700000007e+06 2.403300000000000125e+01 9.800000000000000000e+01
2.452997022400000133e+06 2.413200000000000145e+01 7.700000000000000000e+01
2.453003357499999925e+06 2.422599999999999909e+01 1.580000000000000000e+02
2.453003420899999794e+06 2.419900000000000162e+01 8.600000000000000000e+01
2.453011620899999980e+06 2.337999999999999901e+01 1.380000000000000000e+02
2.453011684799999930e+06 2.313800000000000168e+01 6.900000000000000000e+01
2.453022816999999806e+06 2.347400000000000020e+01 4.100000000000000000e+01
2.453022880299999844e+06 2.353000000000000114e+01 6.400000000000000000e+01
