#Modified Julian Data (days), V band magnitude, magnitude error in mmag
2.452978814699999988e+06 2.502700000000000102e+01 5.900000000000000000e+01
2.452978873099999968e+06 2.504200000000000159e+01 7.300000000000000000e+01
2.452979678400000092e+06 2.523799999999999955e+01 9.000000000000000000e+01
2.452979739099999890e+06 2.517500000000000071e+01 8.900000000000000000e+01
2.452980678299999796e+06 2.551699999999999946e+01 1.110000000000000000e+02
2.452980738299999852e+06 2.538299999999999912e+01 6.800000000000000000e+01
2.452981817199999932e+06 2.563200000000000145e+01 8.800000000000000000e+01
2.452981870199999772e+06 2.549500000000000099e+01 8.600000000000000000e+01
2.452983537000000011e+06 2.538400000000000034e+01 6.700000000000000000e+01
2.452983602500000037e+06 2.526399999999999935e+01 6.600000000000000000e+01
2.452985607700000051e+06 2.475900000000000034e+01 7.100000000000000000e+01
2.452985669100000057e+06 2.500900000000000034e+01 5.000000000000000000e+01
2.452988626000000164e+06 2.503800000000000026e+01 7.700000000000000000e+01
2.452988684499999974e+06 2.512000000000000099e+01 7.700000000000000000e+01
2.452992028200000059e+06 2.544000000000000128e+01 6.300000000000000000e+01
2.452992091899999883e+06 2.564000000000000057e+01 8.900000000000000000e+01
2.452996959700000007e+06 2.474599999999999866e+01 6.400000000000000000e+01
2.452997022400000133e+06 2.468599999999999994e+01 7.800000000000000000e+01
2.453003357499999925e+06 2.540299999999999869e+01 9.700000000000000000e+01
2.453003420899999794e+06 2.549899999999999878e+01 1.270000000000000000e+02
2.453011620899999980e+06 2.521000000000000085e+01 1.010000000000000000e+02
2.453011684799999930e+06 2.523199999999999932e+01 9.600000000000000000e+01
2.453022816999999806e+06 2.537199999999999989e+01 7.100000000000000000e+01
2.453022880299999844e+06 2.534600000000000009e+01 9.500000000000000000e+01
