#Modified Julian Data (days), V band magnitude, magnitude error in mmag
2.452978814699999988e+06 2.614099999999999824e+01 8.900000000000000000e+01
2.452978873099999968e+06 2.603500000000000014e+01 7.600000000000000000e+01
2.452979678400000092e+06 2.644300000000000139e+01 1.330000000000000000e+02
2.452979739099999890e+06 2.642800000000000082e+01 8.900000000000000000e+01
2.452980678299999796e+06 2.656500000000000128e+01 1.350000000000000000e+02
2.452980738299999852e+06 2.659100000000000108e+01 1.960000000000000000e+02
2.452981817199999932e+06 2.656200000000000117e+01 1.870000000000000000e+02
2.452981870199999772e+06 2.647800000000000153e+01 9.900000000000000000e+01
2.452983537000000011e+06 2.617000000000000171e+01 8.700000000000000000e+01
2.452983602500000037e+06 2.620599999999999952e+01 9.600000000000000000e+01
2.452985607700000051e+06 2.653099999999999881e+01 1.310000000000000000e+02
2.452985669100000057e+06 2.687099999999999866e+01 1.630000000000000000e+02
2.452988626000000164e+06 2.633099999999999952e+01 1.700000000000000000e+02
2.452988684499999974e+06 2.648199999999999932e+01 1.650000000000000000e+02
2.452992028200000059e+06 2.638599999999999923e+01 9.000000000000000000e+01
2.452992091899999883e+06 2.629700000000000060e+01 1.430000000000000000e+02
2.452996959700000007e+06 2.647400000000000020e+01 1.210000000000000000e+02
2.452997022400000133e+06 2.659299999999999997e+01 1.070000000000000000e+02
2.453003357499999925e+06 2.611199999999999832e+01 6.800000000000000000e+01
2.453003420899999794e+06 2.588599999999999923e+01 7.100000000000000000e+01
2.453011620899999980e+06 2.616400000000000148e+01 1.140000000000000000e+02
2.453011684799999930e+06 2.587099999999999866e+01 1.370000000000000000e+02
2.453022816999999806e+06 2.647700000000000031e+01 1.990000000000000000e+02
2.453022880299999844e+06 2.602499999999999858e+01 1.710000000000000000e+02
