#Modified Julian Data (days), V band magnitude, magnitude error in mmag
2.452978814699999988e+06 2.391700000000000159e+01 4.300000000000000000e+01
2.452978873099999968e+06 2.391400000000000148e+01 1.040000000000000000e+02
2.452979678400000092e+06 2.365200000000000102e+01 4.300000000000000000e+01
2.452979739099999890e+06 2.370400000000000063e+01 4.300000000000000000e+01
2.452980678299999796e+06 2.374399999999999977e+01 2.400000000000000000e+01
2.452980738299999852e+06 2.366799999999999926e+01 1.230000000000000000e+02
2.452981817199999932e+06 2.379799999999999827e+01 4.100000000000000000e+01
2.452981870199999772e+06 2.383399999999999963e+01 3.700000000000000000e+01
2.452983537000000011e+06 2.396199999999999974e+01 4.200000000000000000e+01
2.452983602500000037e+06 2.402100000000000080e+01 2.700000000000000000e+01
2.452985607700000051e+06 2.388500000000000156e+01 1.160000000000000000e+02
2.452985669100000057e+06 2.412999999999999901e+01 2.500000000000000000e+01
2.452988626000000164e+06 2.426699999999999946e+01 4.300000000000000000e+01
2.452988684499999974e+06 2.425400000000000134e+01 4.800000000000000000e+01
2.452992028200000059e+06 2.453300000000000125e+01 5.400000000000000000e+01
2.452992091899999883e+06 2.446699999999999875e+01 6.000000000000000000e+01
2.452996959700000007e+06 2.492099999999999937e+01 4.400000000000000000e+01
2.452997022400000133e+06 2.487800000000000011e+01 4.500000000000000000e+01
2.453003357499999925e+06 2.493900000000000006e+01 6.200000000000000000e+01
2.453003420899999794e+06 2.477799999999999869e+01 4.000000000000000000e+01
2.453011620899999980e+06 2.403399999999999892e+01 3.600000000000000000e+01
2.453011684799999930e+06 2.401200000000000045e+01 4.600000000000000000e+01
2.453022816999999806e+06 2.470799999999999841e+01 6.300000000000000000e+01
2.453022880299999844e+06 2.481099999999999994e+01 5.300000000000000000e+01
